promotional_visits,total_cost_of_promotion,total_return,marginal_cost,marginal_return
1,5,30,NULL,NULL
2,10,50,5,20
3,15,60,5,10
4,20,70,5,10
5,25,80,5,10
6,30,86,5,6
7,35,90,5,4
8,40,94,5,4
9,45,96,5,2
10,50,98,5,2
